3.01859410430839 91 979.0175
3.436553287981859 91 979.0175
3.7848526077097504 91 979.0175
4.20281179138322 62 664.7128
4.342131519274377 62 664.7128
4.504671201814059 62 664.7128
4.85297052154195 62 664.7128
5.201269841269841 21 229.02602
6.339047619047619 130 1401.2603
6.757006802721088 130 1401.2603
7.592925170068027 38 409.1817
7.778684807256236 38 409.1817
8.010884353741497 72 771.18854
8.312743764172335 72 771.18854
8.475283446712018 72 771.18854
8.962902494331066 72 771.18854
9.357641723356009 47 503.3566
9.659501133786849 47 503.3566
10.866938775510205 96 1038.3903
11.215238095238096 97 1048.9137
11.377777777777778 97 1048.9137
11.586757369614512 97 1048.9137
11.865396825396825 97 1048.9137
12.027936507936507 98 1050.2244
12.329795918367347 98 1050.2244
12.631655328798185 98 1050.2244
13.072834467120181 98 1050.8713
13.467573696145125 98 1050.8713
13.653333333333334 98 1050.8713
13.862312925170068 98 1050.8713
14.349931972789115 97 1047.5364
14.907210884353741 97 1047.5364
15.046530612244897 97 1045.7571
15.185850340136055 97 1045.7571
15.371609977324264 97 1045.7571
15.696689342403628 97 1045.7571
16.741587301587302 114 1226.2969
16.904126984126986 114 1226.2969
17.08988662131519 130 1395.8832
17.205986394557822 130 1395.8832
17.368526077097506 130 1395.8832
17.554285714285715 130 1395.8832
17.949024943310658 130 1395.8832
18.22766439909297 97 1049.2604
18.692063492063493 97 1049.2604
18.901043083900227 97 1049.2604
19.156462585034014 98 1050.1741
19.365442176870747 98 1050.1741
19.620861678004534 98 1050.1741
19.82984126984127 98 1050.1741
20.131700680272107 98 1050.6606
20.317460317460316 98 1050.6606
20.59609977324263 98 1050.6606
20.758639455782312 98 1050.6606
20.921179138321996 98 1050.6606
21.060498866213152 98 1053.7699
21.269478458049885 98 1053.7699
21.501678004535147 98 1053.7699
21.687437641723356 98 1053.7699
21.803537414965987 98 1053.7699
21.989297052154196 98 1053.7699
22.19827664399093 114 1226.4768
22.430476190476192 114 1226.4768
22.569795918367348 114 1226.4768
22.732335600907028 114 1226.4768
22.871655328798187 114 1226.4768
23.1502947845805 114 1226.6128
23.312834467120183 114 1226.6128
23.45215419501134 114 1226.6128
23.684353741496597 114 1226.6128
23.91655328798186 114 1226.6128
24.125532879818593 114 1227.3109
24.241632653061224 114 1227.3109
24.61315192743764 114 1227.3109
24.775691609977326 114 1227.3109
24.98467120181406 114 1227.3109
25.193650793650793 121 1304.77
25.402630385487527 121 1304.77
25.541950113378686 121 1304.77
25.658049886621317 121 1304.77
25.75092970521542 121 1304.77
25.913469387755104 121 1304.77
26.16888888888889 114 1225.9855
26.284988662131518 114 1225.9855
26.40108843537415 114 1225.9855
26.51718820861678 114 1225.9855
26.63328798185941 114 1225.9855
26.749387755102042 114 1225.9855
27.09768707482993 16 173.78392
27.237006802721087 16 173.78392
27.329886621315193 16 173.78392
27.46920634920635 16 173.78392
27.70140589569161 16 173.78392
28.026485260770976 16 174.10002
28.23546485260771 16 174.10002
28.444444444444443 16 174.10002
28.69986394557823 16 174.10002
28.81596371882086 16 174.10002
29.071383219954647 16 173.6086
29.257142857142856 16 173.6086
29.466122448979593 16 173.6086
29.559002267573696 16 173.6086
29.744761904761905 16 173.6086
30.00018140589569 16 173.46007
30.209160997732425 16 173.46007
30.34848072562358 16 173.46007
30.511020408163265 16 173.46007
30.696780045351474 16 173.46007
30.812879818594105 16 173.46007
30.905759637188208 16 173.46007
31.30049886621315 16 172.75725
31.43981859410431 16 172.75725
31.579138321995465 16 172.75725
31.695238095238096 16 172.75725
31.880997732426305 16 172.75725
32.066757369614514 114 1223.1034
32.182857142857145 114 1223.1034
32.36861678004535 114 1223.1034
32.64725623582766 114 1223.1034
32.833015873015874 114 1223.1034
33.065215419501136 114 1223.6793
33.36707482993197 114 1223.6793
33.57605442176871 114 1223.6793
33.69215419501134 114 1223.6793
33.78503401360544 114 1223.6793
34.08689342403628 113 1215.1677
34.29587301587301 113 1215.1677
34.4584126984127 113 1215.1677
34.62095238095238 113 1215.1677
34.80671201814059 113 1215.1677
34.94603174603174 113 1215.1677
35.131791383219955 113 1221.0658
35.36399092970522 113 1221.0658
35.5265306122449 113 1221.0658
35.828390022675734 113 1221.0658
36.22312925170068 114 1226.289
36.36244897959184 114 1226.289
36.501768707482995 114 1226.289
36.664308390022676 114 1226.289
36.91972789115646 114 1226.289
37.151927437641724 98 1058.632
37.314467120181405 98 1058.632
37.61632653061225 98 1058.632
37.918185941043085 98 1058.632
38.17360544217687 98 1054.7892
38.26648526077098 98 1054.7892
38.38258503401361 98 1054.7892
38.521904761904764 98 1054.7892
38.638004535147395 98 1054.7892
38.846984126984125 98 1054.7892
38.963083900226756 98 1054.7892
39.10240362811791 98 1053.846
39.31138321995465 98 1053.846
39.450702947845805 98 1053.846
39.566802721088436 98 1053.846
39.77578231292517 98 1053.846
39.8918820861678 98 1053.846
39.9847619047619 98 1053.846
40.24018140589569 114 1222.5406
40.47238095238095 114 1222.5406
40.704580498866214 114 1222.5406
40.820680272108845 114 1222.5406
40.936780045351476 114 1222.5406
41.145759637188206 113 1215.6573
41.28507936507936 113 1215.6573
41.40117913832199 113 1215.6573
41.4940589569161 113 1215.6573
41.633378684807255 113 1215.6573
41.84235827664399 113 1215.6573
41.95845804988662 113 1215.6573
42.09777777777778 113 1218.9272
42.353197278911566 113 1218.9272
42.53895691609977 113 1218.9272
42.6550566893424 113 1218.9272
42.77115646258503 113 1218.9272
43.003356009070295 113 1217.6274
43.14267573696145 113 1217.6274
43.23555555555556 113 1217.6274
43.37487528344671 113 1217.6274
43.46775510204082 113 1217.6274
43.699954648526074 113 1217.6274
43.816054421768705 113 1217.6274
43.932154195011336 113 1217.6274
44.04825396825397 113 1217.7457
44.28045351473923 113 1217.7457
44.373333333333335 113 1217.7457
44.62875283446712 113 1217.7457
44.74485260770975 113 1217.7457
44.860952380952384 113 1217.7457
44.977052154195015 113 1217.7457
45.09315192743764 114 1225.4727
45.3253514739229 114 1225.4727
45.44145124716553 114 1225.4727
45.55755102040816 114 1225.4727
45.72009070294784 114 1225.4727
45.99873015873016 114 1225.4727
46.20770975056689 98 1053.46
46.34702947845805 98 1053.46
46.46312925170068 98 1053.46
46.69532879818594 98 1053.46
46.81142857142857 98 1053.46
46.9275283446712 98 1053.46
47.06684807256236 130 1399.4559
47.159727891156464 130 1399.4559
47.34548752834467 130 1399.4559
47.53124716553288 130 1399.4559
47.62412698412698 130 1399.4559
47.85632653061224 130 1399.4559
48.06530612244898 114 1226.1426
48.204625850340136 114 1226.1426
48.29750566893424 114 1226.1426
48.66902494331066 114 1226.1426
48.78512471655329 114 1226.1426
49.017324263038546 113 1219.8999
49.13342403628118 113 1219.8999
49.24952380952381 113 1219.8999
49.48172335600907 113 1219.8999
49.73714285714286 113 1219.8999
49.92290249433107 113 1219.8999
50.178321995464856 73 784.7069
50.387301587301586 73 784.7069
50.85170068027211 73 784.7069
51.06068027210885 114 1228.177
51.2 114 1228.177
51.316099773242634 114 1228.177
51.43219954648526 114 1228.177
51.525079365079364 114 1228.177
51.66439909297052 114 1228.177
51.78049886621315 114 1228.177
51.89659863945578 114 1228.177
52.01269841269841 114 1230.1094
52.244897959183675 114 1230.1094
52.47709750566894 114 1230.1094
52.68607709750567 114 1230.1094
52.8021768707483 114 1230.1094
52.91827664399093 114 1230.1094
53.03437641723356 129 1393.8236
53.15047619047619 129 1393.8236
53.26657596371882 129 1393.8236
53.38267573696145 129 1393.8236
53.498775510204084 129 1393.8236
53.614875283446715 129 1393.8236
53.730975056689346 129 1393.8236
53.84707482993197 129 1393.8236
53.9631746031746 129 1393.8236
54.31147392290249 114 1224.0587
54.427573696145124 114 1224.0587
54.52045351473923 114 1224.0587
54.75265306122449 114 1224.0587
54.89197278911565 114 1224.0587
54.98485260770975 114 1224.0587
55.12417233560091 114 1225.201
55.21705215419501 114 1225.201
55.44925170068027 114 1225.201
55.5653514739229 114 1225.201
55.68145124716553 114 1225.201
55.797551020408164 114 1225.201
55.913650793650795 114 1225.201
56.029750566893426 98 1051.3489
56.14585034013606 98 1051.3489
56.26195011337869 98 1051.3489
56.37804988662131 98 1051.3489
56.49414965986394 98 1051.3489
56.610249433106574 98 1051.3489
56.726349206349205 98 1051.3489
56.842448979591836 98 1051.3489
57.0746485260771 122 1310.6915
57.30684807256236 122 1310.6915
57.42294784580499 122 1310.6915
57.53904761904762 122 1310.6915
57.655147392290246 122 1310.6915
57.77124716553288 122 1310.6915
57.88734693877551 122 1310.6915
58.00344671201814 81 875.77386
58.11954648526077 81 875.77386
58.212426303854876 81 875.77386
58.44462585034014 81 875.77386
58.583945578231294 81 875.77386
58.6768253968254 81 875.77386
58.816145124716556 81 875.77386
58.909024943310655 81 875.77386
59.04834467120181 81 875.1873
59.14122448979592 81 875.1873
59.28054421768707 81 875.1873
59.396643990929704 81 875.1873
59.512743764172335 81 875.1873
59.60562358276644 81 875.1873
59.8378231292517 81 875.1873
59.97714285714286 81 875.1873
60.070022675736965 81 875.0126
60.18612244897959 81 875.0126
60.30222222222222 81 875.0126
60.41832199546485 81 875.0126
60.53442176870748 81 875.0126
60.766621315192744 81 875.0126
60.97560090702948 81 875.0126
61.09170068027211 109 1173.8093
61.23102040816327 109 1173.8093
61.3471201814059 109 1173.8093
61.46321995464853 109 1173.8093
61.57931972789115 109 1173.8093
61.695419501133784 109 1173.8093
61.811519274376415 109 1173.8093
61.90439909297052 109 1173.8093
62.04371882086168 98 1058.7018
62.136598639455784 98 1058.7018
62.27591836734694 98 1058.7018
62.368798185941046 98 1058.7018
62.5081179138322 98 1058.7018
62.6009977324263 98 1058.7018
62.83319727891156 98 1058.7018
62.94929705215419 98 1058.7018
63.20471655328798 98 1057.5398
63.297596371882086 98 1057.5398
63.41369614512472 98 1057.5398
63.52979591836735 98 1057.5398
63.64589569160998 98 1057.5398
63.76199546485261 98 1057.5398
63.87809523809524 98 1057.5398
63.97097505668934 98 1057.5398
64.1102947845805 98 1058.0872
64.22639455782313 98 1058.0872
64.45859410430839 98 1058.0872
64.66757369614513 98 1058.0872
64.78367346938775 98 1058.0872
64.92299319727891 98 1058.0872
65.03909297052154 114 1222.2113
65.15519274376418 114 1222.2113
65.2712925170068 114 1222.2113
65.38739229024944 114 1222.2113
65.50349206349206 114 1222.2113
65.59637188208617 114 1222.2113
65.73569160997732 114 1222.2113
65.82857142857142 114 1222.2113
65.96789115646258 114 1222.2113
66.06077097505668 81 876.76135
66.20009070294785 81 876.76135
66.29297052154195 81 876.76135
66.52517006802721 81 876.76135
66.66448979591837 81 876.76135
66.780589569161 81 876.76135
66.89668934240363 81 876.76135
66.98956916099773 81 876.76135
67.10566893424036 110 1182.288
67.221768707483 110 1182.288
67.33786848072562 110 1182.288
67.45396825396826 110 1182.288
67.662947845805 110 1182.288
67.80226757369614 110 1182.288
67.91836734693878 110 1182.288
68.0344671201814 98 1052.3711
68.12734693877552 98 1052.3711
68.3827664399093 98 1052.3711
68.49886621315193 98 1052.3711
68.61496598639455 98 1052.3711
68.73106575963719 98 1052.3711
68.84716553287981 98 1052.3711
68.96326530612245 98 1052.3711
69.07936507936508 98 1053.1449
69.19546485260771 98 1053.1449
69.28834467120181 98 1053.1449
69.42766439909298 98 1053.1449
69.52054421768707 98 1053.1449
69.65986394557824 98 1053.1449
69.75274376417234 98 1053.1449
69.9849433106576 98 1053.1449
70.12426303854875 98 1055.3175
70.21714285714286 98 1055.3175
70.33324263038548 98 1055.3175
70.44934240362812 98 1055.3175
70.68154195011338 98 1055.3175
70.82086167800453 98 1055.3175
70.91374149659863 98 1055.3175
71.0530612244898 98 1053.8732
71.1459410430839 98 1053.8732
71.37814058956916 98 1053.8732
71.4942403628118 98 1053.8732
71.61034013605442 98 1053.8732
71.84253968253968 98 1053.8732
72.07473922902494 114 1222.8986
72.19083900226758 114 1222.8986
72.3069387755102 114 1222.8986
72.42303854875283 114 1222.8986
72.53913832199547 114 1222.8986
72.65523809523809 114 1222.8986
72.77133786848073 114 1222.8986
72.88743764172335 114 1222.8986
73.00353741496599 113 1217.612
73.21251700680273 113 1217.612
73.35183673469388 113 1217.612
73.46793650793651 113 1217.612
73.58403628117914 113 1217.612
73.67691609977324 113 1217.612
73.8162358276644 113 1217.612
73.9091156462585 113 1217.612
74.04843537414966 113 1216.6904
74.16453514739229 113 1216.6904
74.28063492063492 113 1216.6904
74.37351473922902 113 1216.6904
74.48961451247166 113 1216.6904
74.60571428571428 113 1216.6904
74.74503401360545 113 1216.6904
74.83791383219955 113 1216.6904
75.07011337868481 113 1215.7214
75.18621315192743 113 1215.7214
75.30231292517007 113 1215.7214
75.4184126984127 113 1215.7214
75.53451247165533 113 1215.7214
75.7667120181406 113 1215.7214
75.88281179138322 113 1215.7214
75.99891156462586 113 1215.7214
76.11501133786848 113 1219.8386
76.2311111111111 113 1219.8386
76.34721088435374 113 1219.8386
76.46331065759637 113 1219.8386
76.579410430839 113 1219.8386
76.6722902494331 113 1219.8386
76.81160997732427 113 1219.8386
76.90448979591837 113 1219.8386
77.13668934240363 114 1224.0148
77.27600907029479 114 1224.0148
77.36888888888889 114 1224.0148
77.60108843537415 114 1224.0148
77.71718820861678 114 1224.0148
78.06548752834468 114 1224.505
78.1815873015873 114 1224.505
78.5298866213152 114 1224.505
78.64598639455782 114 1224.505
78.73886621315192 114 1224.505
78.87818594104309 114 1224.505
78.99428571428571 114 1224.505
79.22648526077097 130 1400.8595
79.43546485260771 130 1400.8595
79.55156462585035 130 1400.8595
79.6908843537415 130 1400.8595
79.80698412698413 130 1400.8595
79.92308390022676 130 1400.8595
80.03918367346938 130 1400.3177
80.15528344671202 130 1400.3177
80.27138321995464 130 1400.3177
80.36426303854876 130 1400.3177
80.5035827664399 130 1400.3177
80.59646258503402 130 1400.3177
80.73578231292517 130 1400.3177
80.82866213151928 130 1400.3177
80.96798185941043 130 1400.3177
81.06086167800453 98 1054.2661
81.20018140589569 98 1054.2661
81.29306122448979 98 1054.2661
81.43238095238095 98 1054.2661
81.54848072562358 98 1054.2661
81.66458049886621 98 1054.2661
81.75746031746031 98 1054.2661
82.0128798185941 98 1051.9043
82.17541950113379 98 1051.9043
82.29151927437641 98 1051.9043
82.47727891156462 98 1051.9043
82.68625850340136 98 1051.9043
82.82557823129251 98 1051.9043
82.94167800453515 98 1051.9043
83.4292970521542 97 1048.538
83.77759637188208 97 1048.538
83.8704761904762 97 1048.538
84.0562358276644 81 871.8319
84.31165532879818 81 871.8319
84.52063492063492 81 871.8319
84.7760544217687 81 871.8319
85.10113378684807 113 1214.7899
85.26367346938775 113 1214.7899
85.58875283446712 113 1214.7899
85.91383219954649 113 1214.7899
86.16925170068028 113 1221.985
86.2853514739229 113 1221.985
86.61043083900226 113 1221.985
86.819410430839 113 1221.985
87.02839002267574 114 1224.5154
87.21414965986395 114 1224.5154
87.44634920634921 114 1224.5154
87.67854875283447 114 1224.5154
87.77142857142857 114 1224.5154
87.8875283446712 114 1224.5154
88.11972789115646 97 1047.8579
88.37514739229024 97 1047.8579
88.63056689342403 97 1047.8579
88.81632653061224 97 1047.8579
89.00208616780046 98 1053.9458
89.2110657596372 98 1053.9458
89.42004535147392 98 1053.9458
89.60580498866213 98 1053.9458
89.83800453514739 98 1053.9458
90.0237641723356 98 1052.815
90.20952380952382 98 1052.815
90.39528344671201 98 1052.815
90.76680272108844 98 1052.815
91.06866213151928 16 174.15474
91.41696145124716 16 174.15474
91.5330612244898 16 174.15474
91.64916099773242 16 174.15474
91.81170068027211 16 174.15474
92.18321995464852 16 173.83553
92.46185941043083 16 173.83553
92.71727891156462 16 173.83553
92.94947845804988 16 173.83553
93.27455782312926 16 173.87846
93.48353741496598 16 173.87846
93.62285714285714 16 173.87846
93.80861678004536 16 173.87846
93.99437641723355 16 173.87846
94.08725623582767 16 173.67307
94.27301587301588 16 173.67307
94.50521541950113 16 173.67307
94.78385487528345 16 173.67307
95.13215419501134 16 173.0171
95.41079365079365 16 173.0171
95.59655328798186 16 173.0171
95.85197278911565 16 173.0171
96.06095238095239 16 173.22716
96.22349206349206 16 173.22716
96.54857142857144 16 173.22716
96.80399092970522 16 173.22716
96.98975056689342 16 173.22716
97.10585034013606 16 174.20016
97.22195011337868 16 174.20016
97.36126984126984 16 174.20016
97.45414965986394 16 174.20016
97.57024943310658 16 174.20016
97.6863492063492 16 174.20016
97.80244897959183 16 174.20016
97.91854875283447 16 174.20016
98.15074829931973 16 174.62637
98.35972789115647 16 174.62637
98.61514739229025 16 174.62637
98.70802721088435 16 174.62637
98.82412698412699 16 174.62637
99.07954648526078 16 174.44325
99.1956462585034 16 174.44325
99.2885260770975 16 174.44325
99.42784580498866 16 174.44325
99.52072562358276 16 174.44325
99.66004535147393 16 174.44325
99.75292517006802 16 174.44325
99.86902494331066 16 174.44325
100.00834467120181 16 175.08778
100.10122448979592 16 175.08778
100.21732426303855 16 175.08778
100.33342403628117 16 175.08778
100.44952380952381 16 175.08778
100.58884353741496 16 175.08778
100.68172335600907 16 175.08778
100.91392290249433 16 175.08778
101.03002267573696 98 1052.8687
101.1461224489796 98 1052.8687
101.37832199546486 98 1052.8687
101.6105215419501 98 1052.8687
101.72662131519274 98 1052.8687
101.84272108843537 98 1052.8687
102.07492063492063 98 1053.6031
102.28390022675737 98 1053.6031
102.42321995464853 98 1053.6031
102.53931972789115 98 1053.6031
102.77151927437642 98 1053.6031
102.98049886621315 98 1053.6031
103.1198185941043 98 1054.1069
103.23591836734694 98 1054.1069
103.35201814058956 98 1054.1069
103.44489795918368 98 1054.1069
103.70031746031746 98 1054.1069
103.81641723356009 98 1054.1069
103.9092970521542 98 1054.1069
104.14149659863945 98 1054.7589
104.25759637188209 98 1054.7589
104.37369614512471 98 1054.7589
104.58267573696145 98 1054.7589
104.72199546485261 98 1054.7589
104.83809523809524 98 1054.7589
105.0702947845805 113 1220.8351
105.18639455782314 113 1220.8351
105.30249433106576 113 1220.8351
105.41859410430838 113 1220.8351
105.53469387755102 113 1220.8351
105.65079365079364 113 1220.8351
105.76689342403628 113 1220.8351
105.8829931972789 113 1220.8351
105.99909297052154 113 1220.8351
106.20807256235828 113 1218.4952
106.34739229024943 113 1218.4952
106.44027210884354 113 1218.4952
106.57959183673469 113 1218.4952
106.90467120181405 113 1218.4952
107.13687074829932 97 1042.7317
107.25297052154195 97 1042.7317
107.50839002267574 97 1042.7317
107.60126984126984 97 1042.7317
107.71736961451248 97 1042.7317
107.8334693877551 97 1042.7317
107.94956916099773 97 1042.7317
108.06566893424036 97 1049.0336
108.18176870748299 97 1049.0336
108.29786848072563 97 1049.0336
108.41396825396825 97 1049.0336
108.53006802721089 97 1049.0336
108.76226757369615 97 1049.0336
108.99446712018141 97 1049.0336
109.11056689342404 98 1051.7382
109.22666666666667 98 1051.7382
109.3427664399093 98 1051.7382
109.45886621315192 98 1051.7382
109.57496598639456 98 1051.7382
109.69106575963718 98 1051.7382
109.80716553287982 98 1051.7382
109.92326530612245 98 1051.7382
110.03936507936508 98 1050.8356
110.13224489795918 98 1050.8356
110.27156462585035 98 1050.8356
110.36444444444444 98 1050.8356
110.50376417233561 98 1050.8356
110.5966439909297 98 1050.8356
110.73596371882086 98 1050.8356
110.82884353741497 98 1050.8356
110.96816326530612 98 1050.8356
111.20036281179138 97 1045.4215
111.29324263038549 97 1045.4215
111.43256235827664 97 1045.4215
111.52544217687075 97 1045.4215
111.6647619047619 97 1045.4215
111.757641723356 97 1045.4215
111.98984126984126 97 1045.4215
112.1059410430839 97 1046.4773
112.22204081632653 97 1046.4773
112.36136054421769 97 1046.4773
112.45424036281179 97 1046.4773
112.68643990929705 97 1046.4773
112.80253968253969 97 1046.4773
112.91863945578231 97 1046.4773
113.03473922902495 130 1396.1847
113.15083900226757 130 1396.1847
113.2669387755102 130 1396.1847
113.38303854875284 130 1396.1847
113.49913832199546 130 1396.1847
113.59201814058957 130 1396.1847
113.84743764172336 130 1396.1847
113.96353741496598 130 1396.1847
114.0564172335601 97 1043.9385
114.19573696145125 97 1043.9385
114.31183673469388 97 1043.9385
114.5208163265306 97 1043.9385
114.63691609977325 97 1043.9385
114.75301587301587 97 1043.9385
114.89233560090703 97 1043.9385
114.98521541950113 97 1043.9385
115.10131519274377 98 1049.8446
115.24063492063492 98 1049.8446
115.35673469387756 98 1049.8446
115.44961451247165 98 1049.8446
115.56571428571428 98 1049.8446
115.68181405895692 98 1049.8446
115.79791383219954 98 1049.8446
115.91401360544218 98 1049.8446
116.14621315192744 114 1226.3314
116.3784126984127 114 1226.3314
116.61061224489796 114 1226.3314
116.72671201814059 114 1226.3314
116.84281179138323 114 1226.3314
116.95891156462585 114 1226.3314
117.19111111111111 113 1219.6492
117.28399092970521 113 1219.6492
117.539410430839 113 1219.6492
117.65551020408164 113 1219.6492
117.77160997732426 113 1219.6492
117.8877097505669 113 1219.6492
118.00380952380952 121 1307.9604
118.11990929705216 121 1307.9604
118.21278911564626 121 1307.9604
118.35210884353741 121 1307.9604
118.46820861678005 121 1307.9604
118.58430839002267 121 1307.9604
118.67718820861678 121 1307.9604
118.90938775510205 121 1307.9604
119.02548752834467 114 1225.3796
119.14158730158731 114 1225.3796
119.37378684807257 114 1225.3796
119.51310657596372 114 1225.3796
119.60598639455782 114 1225.3796
119.72208616780046 114 1225.3796
119.83818594104308 114 1225.3796
119.95428571428572 114 1225.3796
120.07038548752834 114 1227.8611
120.18648526077098 114 1227.8611
120.3025850340136 114 1227.8611
120.53478458049887 114 1227.8611
120.6508843537415 114 1227.8611
120.76698412698413 114 1227.8611
120.88308390022675 114 1227.8611
120.99918367346939 114 1227.8611
121.11528344671201 115 1235.6362
121.23138321995465 115 1235.6362
121.34748299319727 115 1235.6362
121.46358276643991 115 1235.6362
121.69578231292518 115 1235.6362
121.8118820861678 115 1235.6362
121.9047619047619 115 1235.6362
122.04408163265306 114 1227.9661
122.27628117913832 114 1227.9661
122.36916099773242 114 1227.9661
122.48526077097506 114 1227.9661
122.60136054421768 114 1227.9661
122.74068027210885 114 1227.9661
122.83356009070295 114 1227.9661
122.94965986394558 114 1227.9661
123.06575963718821 114 1230.434
123.18185941043085 114 1230.434
123.29795918367347 114 1230.434
123.53015873015873 114 1230.434
123.762358276644 114 1230.434
123.87845804988662 114 1230.434
123.99455782312926 114 1230.434
124.11065759637188 114 1229.8816
124.22675736961452 114 1229.8816
124.34285714285714 114 1229.8816
124.45895691609978 114 1229.8816
124.5750566893424 114 1229.8816
124.6679365079365 114 1229.8816
124.80725623582767 114 1229.8816
124.90013605442176 114 1229.8816
125.03945578231293 114 1224.9799
125.13233560090703 114 1224.9799
125.27165532879819 114 1224.9799
125.38775510204081 114 1224.9799
125.50385487528345 114 1224.9799
125.59673469387755 114 1224.9799
125.85215419501134 114 1224.9799
125.96825396825396 114 1224.9799
126.06113378684807 113 1221.5835
126.29333333333334 113 1221.5835
126.64163265306122 113 1221.5835
126.85061224489796 113 1221.5835
126.98993197278912 113 1221.5835
127.24535147392291 16 172.67896
127.45433106575963 16 172.67896
127.6865306122449 16 172.67896
127.91873015873016 16 172.67896
128.15092970521542 122 1311.9209
128.35990929705216 122 1311.9209
128.5921088435374 122 1311.9209
128.73142857142858 122 1311.9209
128.8475283446712 122 1311.9209
129.03328798185942 97 1045.9591
129.17260770975057 97 1045.9591
129.3815873015873 97 1045.9591
129.5673469387755 97 1045.9591
129.77632653061224 97 1045.9591
129.89242630385488 97 1045.9591
130.0085260770975 97 1043.9921
130.1710657596372 97 1043.9921
130.40326530612245 97 1043.9921
130.58902494331065 97 1043.9921
130.68190476190478 97 1043.9921
131.03020408163266 81 875.0517
131.2624036281179 81 875.0517
131.37850340136055 81 875.0517
131.6107029478458 81 875.0517
131.84290249433107 81 875.0517
132.02866213151927 114 1224.5995
132.237641723356 114 1224.5995
132.53950113378684 114 1224.5995
132.65560090702948 114 1224.5995
132.77170068027212 114 1224.5995
132.91102040816327 114 1224.5995
133.00390022675737 73 787.2156
133.35219954648525 73 787.2156
133.60761904761904 73 787.2156
133.79337868480727 73 787.2156
133.93269841269841 73 787.2156
134.16489795918366 96 1036.5594
134.32743764172335 96 1036.5594
134.60607709750568 96 1036.5594
134.74539682539682 96 1036.5594
134.83827664399092 96 1036.5594
134.95437641723356 96 1036.5594
135.0704761904762 97 1047.703
135.20979591836735 97 1047.703
135.30267573696145 97 1047.703
135.4419954648526 97 1047.703
135.53487528344672 97 1047.703
135.67419501133787 97 1047.703
135.8831746031746 97 1047.703
136.0457142857143 98 1051.2671
136.2314739229025 98 1051.2671
136.34757369614513 98 1051.2671
136.46367346938774 98 1051.2671
136.57977324263038 98 1051.2671
136.71909297052153 98 1051.2671
136.90485260770976 98 1051.2671
137.0209523809524 98 1055.3193
137.16027210884354 98 1055.3193
137.27637188208618 98 1055.3193
137.3924716553288 98 1055.3193
137.50857142857143 98 1055.3193
137.60145124716553 98 1055.3193
137.85687074829931 98 1055.3193
138.13551020408164 98 1055.3401
138.34448979591838 98 1055.3401
138.66956916099772 98 1055.3401
138.76244897959182 98 1055.3401
139.0178684807256 97 1046.3125
139.22684807256235 97 1046.3125
139.45904761904762 97 1046.3125
139.69124716553287 97 1046.3125
139.8073469387755 97 1046.3125
139.92344671201815 97 1046.3125
140.1556462585034 97 1044.7954
140.38784580498867 97 1044.7954
140.62004535147392 97 1044.7954
140.8522448979592 97 1044.7954
141.0612244897959 114 1225.4036
141.29342403628118 114 1225.4036
142.61696145124716 114 1228.086
